AutoAlias single-span NURBS export                                      S      1
1H,,1H;,16HAutoAlias Curves,16HAutoAlias Curves,32HAutoAlias single-spanG      1
 NURBS export,1H1,1H1,32,38,6,308,15,16HAutoAlias Curves,1.0,1,4HINCH,1,G      2
0.01,15H20260430.000000,1E-06,1000.0,4Huser,8HAutoAlias,11,0,15H20260430G      3
.000000;                                                                G      4
     126       1       0       0       0       0       0       0       0D      1
     126       0       0       5       0       0       0detail_l       0D      2
     126       6       0       0       0       0       0       0       0D      3
     126       0       0       5       0       0       0detail_l       0D      4
     126      11       0       0       0       0       0       0       0D      5
     126       0       0       5       0       0       0detail_l       0D      6
126,7,7,1,0,1,0,0,0,0,0,0,0,0,0,1,1,1,1,1,1,1,1,1,1,1,1,1,1,1,1,       1P      1
532,-251,0,547.304370339,-238.057986331,0,562.204533147,-224.629       1P      2
11875,0,577.356072605,-211.49782953,0,592.720192724,-198.5363914       1P      3
3,0,608.612077353,-186.209370172,0,625.194544992,-174.94951021,0       1P      4
,642,-164,0,0.0,1.0,0.0,0.0,1.0;                                       1P      5
126,7,7,1,0,1,0,0,0,0,0,0,0,0,0,1,1,1,1,1,1,1,1,1,1,1,1,1,1,1,1,       3P      6
642,-164,0,665.850949858,-148.460032837,0,690.151049373,-133.545       3P      7
183973,0,717.116757619,-123.164335532,0,745.086770075,-115.73054       3P      8
9341,0,773.190628084,-110.641708009,0,801.6271949,-108.973482749       3P      9
,0,830,-107,0,0.0,1.0,0.0,0.0,1.0;                                     3P     10
126,7,7,1,0,1,0,0,0,0,0,0,0,0,0,1,1,1,1,1,1,1,1,1,1,1,1,1,1,1,1,       5P     11
830,-107,0,856.534418265,-105.154387044,0,883.013069875,-103.041       5P     12
792742,0,909.719076493,-103.252060634,0,936.402483218,-104.01101       5P     13
7083,0,962.970616608,-104.5181755,0,989.525920413,-105.841893881       5P     14
,0,1016,-109,0,0.0,1.0,0.0,0.0,1.0;                                    5P     15
S      1G      4D      6P     15                                        T      1
AutoAlias single-span NURBS export                                      S      1
1H,,1H;,16HAutoAlias Curves,16HAutoAlias Curves,32HAutoAlias single-spanG      1
 NURBS export,1H1,1H1,32,38,6,308,15,16HAutoAlias Curves,1.0,1,4HINCH,1,G      2
0.01,15H20260430.000000,1E-06,1000.0,4Huser,8HAutoAlias,11,0,15H20260430G      3
.000000;                                                                G      4
     126       1       0       0       0       0       0       0       0D      1
     126       0       0       5       0       0       0detail_l       0D      2
     126       6       0       0       0       0       0       0       0D      3
     126       0       0       5       0       0       0detail_l       0D      4
     126      11       0       0       0       0       0       0       0D      5
     126       0       0       5       0       0       0detail_l       0D      6
126,7,7,1,0,1,0,0,0,0,0,0,0,0,0,1,1,1,1,1,1,1,1,1,1,1,1,1,1,1,1,       1P      1
532,-251,0,547.304370339,-238.057986331,0,562.204533147,-224.629       1P      2
11875,0,577.356072605,-211.49782953,0,592.720192724,-198.5363914       1P      3
3,0,608.612077353,-186.209370172,0,625.194544992,-174.94951021,0       1P      4
,642,-164,0,0.0,1.0,0.0,0.0,1.0;                                       1P      5
126,7,7,1,0,1,0,0,0,0,0,0,0,0,0,1,1,1,1,1,1,1,1,1,1,1,1,1,1,1,1,       3P      6
642,-164,0,665.850949858,-148.460032837,0,690.151049373,-133.545       3P      7
183973,0,717.116757619,-123.164335532,0,745.086770075,-115.73054       3P      8
9341,0,773.190628084,-110.641708009,0,801.6271949,-108.973482749       3P      9
,0,830,-107,0,0.0,1.0,0.0,0.0,1.0;                                     3P     10
126,7,7,1,0,1,0,0,0,0,0,0,0,0,0,1,1,1,1,1,1,1,1,1,1,1,1,1,1,1,1,       5P     11
830,-107,0,856.534418265,-105.154387044,0,883.013069875,-103.041       5P     12
792742,0,909.719076493,-103.252060634,0,936.402483218,-104.01101       5P     13
7083,0,962.970616608,-104.5181755,0,989.525920413,-105.841893881       5P     14
,0,1016,-109,0,0.0,1.0,0.0,0.0,1.0;                                    5P     15
S      1G      4D      6P     15                                        T      1
