Autodesk Alias AutoStudio 2026 (Build: 32.1.0.654-d25852ed4c0)          S      1
Autodesk Translation Framework 14.25.0.0                                S      2
,,5HStage,5HStage,7Hunknown,7Hunknown,32,38,7,99,15,,1.,1,4HINCH,1,0.08,G      1
15H20260522.112137,0.000393700806101359,10000.,7Hunknown,7Hunknown,11,0,G      2
;                                                                       G      3
     126       1                       0                        00000000D      1
     126       0               6       0                               0D      2
     126       7                       0                        00000000D      3
     126       0               6       0                               0D      4
     126      13                       0                        00000000D      5
     126       0               6       0                               0D      6
     406      19                                                00000000D      7
     406                       1      15                               0D      8
     406      20                                                00000000D      9
     406                       1      15                               0D     10
     406      21                                                00000000D     11
     406                       1      15                               0D     12
     406      22                                                00000000D     13
     406                       1      15                               0D     14
     402      23                                                00000000D     15
     402                       1       7                               0D     16
     406      24                       0                        00000000D     17
     406                       1       3                               0D     18
     314      25                                                00000200D     19
     314                       1       0                               0D     20
126,7,7,0,0,0,0,0.,0.,0.,0.,0.,0.,0.,0.,1.,1.,1.,1.,1.,1.,1.,1.,       1P      1
1.,1.,1.,1.,1.,1.,1.,1.,532.,-251.,0.,547.304370339,                   1P      2
-238.057986331,0.,562.204533147,-224.62911875,0.,577.356072605,        1P      3
-211.49782953,0.,592.720192724,-198.53639143,0.,                       1P      4
608.612077353547,-186.209370172846,0.,625.194544991908,                1P      5
-174.949510209859,0.,642.,-164.,0.,0.,1.,0.,0.,0.,0,1,9;               1P      6
126,7,7,0,0,0,0,0.,0.,0.,0.,0.,0.,0.,0.,1.,1.,1.,1.,1.,1.,1.,1.,       3P      7
1.,1.,1.,1.,1.,1.,1.,1.,642.,-164.,0.,665.850949858,                   3P      8
-148.460032837,0.,690.151049373,-133.545183973,0.,717.116757619,       3P      9
-123.164335532,0.,745.086770075,-115.730549341,0.,773.190628084,       3P     10
-110.641708009,0.,801.6271949,-108.973482749,0.,830.,-107.,0.,         3P     11
0.,1.,0.,0.,0.,0,1,11;                                                 3P     12
126,7,7,0,0,0,0,0.,0.,0.,0.,0.,0.,0.,0.,1.,1.,1.,1.,1.,1.,1.,1.,       5P     13
1.,1.,1.,1.,1.,1.,1.,1.,830.,-107.,0.,856.534418264975,                5P     14
-105.154387043646,0.,883.013069874908,-103.041792740733,0.,            5P     15
909.719076493,-103.252060634,0.,936.402483218,-104.011017083,0.,       5P     16
962.970616608,-104.5181755,0.,989.525920413,-105.841893881,0.,         5P     17
1016.,-109.,0.,0.,1.,0.,0.,0.,0,1,13;                                  5P     18
406,1,15Hreviewed_curves;                                              7P     19
406,1,8Hdetail_l;                                                      9P     20
406,1,10Hdetail_l#2;                                                  11P     21
406,1,10Hdetail_l#3;                                                  13P     22
402,6,1,3,5,1,3,5,0,1,7;                                              15P     23
406,2,0,12HDefaultLayer;                                              17P     24
314,56.8627450980392,57.6470588235294,60.,13HDefaultShader;           19P     25
S      2G      3D     20P     25                                        T      1
